frame 1:(193,257), (175,269), (135,241), (119,169), (118,72), (130,260), (111,95)
frame 2:(193,257), (175,269), (135,241), (119,169), (119,72), (130,260), (113,95)
frame 3:(193,257), (175,269), (135,241), (120,169), (120,72), (130,260), (113,95)
frame 4:(193,258), (176,269), (135,241), (120,169), (121,72), (130,260), (114,95)
frame 5:(193,258), (176,269), (135,241), (120,169), (121,72), (130,260), (115,95)
frame 6:(193,258), (175,269), (135,241), (121,169), (122,72), (130,260), (116,95)
frame 7:(193,258), (176,269), (135,241), (121,169), (123,72), (130,260), (116,95)
frame 8:(193,258), (175,269), (135,241), (121,169), (124,72), (130,260), (117,95)
frame 9:(193,258), (175,269), (135,241), (121,169), (124,72), (130,260), (117,95)
frame 10:(193,258), (175,269), (135,241), (122,169), (125,72), (130,260), (118,95)
frame 11:(193,258), (175,269), (135,241), (122,170), (126,72), (130,260), (118,95)
frame 12:(193,258), (175,269), (135,241), (123,170), (126,72), (130,260), (119,96)
frame 13:(193,258), (175,269), (136,241), (123,170), (127,72), (130,260), (119,96)
frame 14:(193,258), (175,269), (136,241), (123,170), (127,72), (130,260), (120,96)
frame 15:(193,258), (175,269), (136,242), (123,170), (128,72), (130,260), (120,96)
frame 16:(193,258), (175,269), (136,242), (123,170), (128,72), (130,260), (121,96)
frame 17:(194,258), (175,269), (136,242), (124,170), (129,73), (130,261), (121,96)
frame 18:(194,258), (175,269), (136,242), (124,170), (129,73), (130,261), (121,96)
frame 19:(194,258), (175,269), (136,242), (124,170), (130,73), (130,260), (122,96)
frame 20:(194,258), (175,269), (136,242), (124,170), (131,73), (130,260), (123,96)
frame 21:(193,258), (175,269), (136,242), (124,171), (131,73), (130,260), (123,96)
frame 22:(193,258), (175,269), (136,242), (125,171), (132,73), (130,260), (124,96)
frame 23:(193,258), (175,269), (136,242), (125,171), (133,73), (130,260), (125,96)
frame 24:(194,258), (175,269), (136,242), (126,171), (134,73), (130,260), (125,96)
frame 25:(194,258), (175,269), (136,242), (126,171), (135,73), (130,260), (126,97)
frame 26:(194,258), (176,269), (136,242), (127,171), (136,73), (130,260), (127,97)
frame 27:(194,258), (176,269), (136,242), (127,171), (137,73), (130,260), (128,97)
frame 28:(194,258), (176,269), (136,242), (128,171), (137,74), (130,260), (128,97)
frame 29:(194,258), (176,269), (136,242), (128,171), (138,74), (130,260), (129,97)
frame 30:(194,258), (176,269), (136,242), (128,171), (139,74), (130,260), (130,97)
frame 31:(194,258), (176,269), (136,242), (129,171), (140,74), (130,260), (130,97)
frame 32:(194,258), (176,269), (136,242), (129,171), (140,74), (130,260), (131,97)
frame 33:(194,258), (176,269), (136,242), (129,171), (141,74), (130,260), (132,97)
frame 34:(194,258), (176,269), (136,242), (129,171), (142,74), (130,260), (132,97)
frame 35:(194,258), (176,269), (136,242), (130,171), (142,74), (130,260), (133,97)
frame 36:(194,258), (176,269), (136,242), (130,171), (143,74), (130,260), (133,98)
frame 37:(194,258), (176,269), (136,242), (130,171), (144,75), (130,260), (134,98)
frame 38:(194,258), (176,269), (136,242), (131,171), (144,75), (130,260), (135,98)
frame 39:(194,258), (176,269), (136,242), (131,172), (145,75), (130,260), (135,98)
frame 40:(194,258), (176,269), (136,242), (132,172), (146,75), (130,260), (136,98)
frame 41:(194,258), (176,269), (136,242), (132,172), (147,75), (130,260), (136,98)
frame 42:(194,258), (176,269), (136,242), (132,172), (148,75), (130,260), (137,98)
frame 43:(194,258), (176,269), (136,242), (133,172), (148,75), (130,260), (138,98)
frame 44:(194,258), (176,269), (136,242), (133,172), (149,75), (130,260), (138,98)
frame 45:(194,258), (176,269), (136,242), (133,172), (149,75), (130,260), (139,98)
frame 46:(194,258), (176,269), (136,242), (133,172), (150,76), (130,260), (139,98)
frame 47:(194,258), (175,269), (136,242), (133,172), (150,76), (130,260), (140,99)
frame 48:(194,259), (175,269), (136,242), (134,172), (151,76), (130,260), (141,99)
frame 49:(194,259), (176,269), (136,242), (134,172), (152,76), (130,261), (141,99)
frame 50:(194,259), (176,269), (136,242), (135,172), (153,76), (130,261), (142,99)
frame 51:(194,259), (175,269), (136,242), (135,173), (154,76), (130,261), (143,99)
frame 52:(194,259), (176,270), (137,242), (135,173), (154,76), (130,261), (143,99)
frame 53:(194,259), (175,270), (137,242), (135,173), (155,77), (130,261), (144,99)
frame 54:(194,259), (175,270), (137,242), (136,173), (155,77), (130,261), (144,99)
frame 55:(194,259), (175,270), (137,242), (136,173), (156,77), (130,261), (145,99)
frame 56:(194,259), (175,270), (137,242), (136,173), (157,77), (130,261), (145,99)
frame 57:(194,259), (175,270), (137,242), (136,173), (157,77), (130,261), (146,100)
frame 58:(194,260), (175,270), (137,242), (137,173), (158,77), (130,261), (146,100)
frame 59:(194,260), (175,270), (137,242), (137,173), (159,78), (130,261), (147,100)
frame 60:(194,260), (175,270), (137,242), (137,173), (159,78), (130,261), (148,100)
frame 61:(194,260), (175,270), (137,242), (138,173), (160,78), (130,261), (148,100)
frame 62:(194,260), (175,270), (137,242), (138,173), (161,78), (130,261), (149,100)
frame 63:(194,260), (175,270), (137,242), (139,173), (162,78), (130,260), (150,100)
frame 64:(194,260), (175,270), (137,242), (139,173), (163,78), (130,260), (151,100)
frame 65:(194,260), (175,270), (137,242), (139,173), (164,78), (130,260), (152,100)
frame 66:(194,260), (175,270), (137,242), (140,173), (165,78), (130,260), (152,100)
frame 67:(194,260), (175,270), (138,242), (140,173), (165,78), (130,260), (153,100)
frame 68:(194,260), (175,270), (138,241), (141,173), (166,78), (130,260), (154,100)
frame 69:(194,260), (175,270), (138,241), (141,173), (167,79), (130,260), (155,100)
frame 70:(194,260), (175,270), (138,241), (142,173), (168,79), (131,260), (156,100)
frame 71:(194,260), (175,270), (138,241), (142,173), (169,79), (131,260), (157,100)
frame 72:(194,260), (175,270), (138,241), (142,173), (170,79), (131,260), (158,100)
frame 73:(194,260), (175,270), (138,241), (143,172), (171,79), (131,259), (159,100)
frame 74:(194,260), (175,270), (138,240), (143,172), (172,79), (131,259), (159,100)
frame 75:(194,260), (175,270), (138,240), (144,172), (173,79), (131,259), (160,100)
frame 76:(194,260), (175,270), (139,240), (144,172), (174,79), (131,259), (161,100)
frame 77:(194,260), (175,270), (139,240), (145,172), (176,79), (131,259), (162,100)
frame 78:(194,260), (175,270), (139,240), (146,172), (177,79), (132,259), (163,100)
frame 79:(194,260), (175,270), (139,239), (146,171), (178,79), (132,258), (164,100)
frame 80:(194,260), (175,270), (139,239), (147,171), (180,79), (132,258), (166,100)
frame 81:(194,260), (175,270), (140,238), (147,171), (181,79), (132,258), (167,100)
frame 82:(194,260), (175,270), (140,238), (148,170), (183,79), (132,257), (168,100)
frame 83:(194,260), (175,270), (140,237), (149,170), (184,79), (133,257), (170,99)
frame 84:(194,260), (175,270), (140,237), (150,169), (186,79), (133,257), (171,99)
frame 85:(194,260), (175,270), (140,236), (151,169), (187,78), (133,256), (173,99)
frame 86:(195,260), (175,270), (140,235), (152,168), (189,78), (133,256), (174,99)
frame 87:(195,260), (175,270), (141,235), (153,168), (191,78), (134,255), (176,98)
frame 88:(195,260), (175,269), (141,234), (154,167), (193,78), (134,254), (178,98)
frame 89:(195,260), (175,269), (141,233), (155,166), (195,78), (134,254), (180,98)
frame 90:(195,260), (175,269), (142,232), (156,166), (198,77), (134,253), (182,97)
frame 91:(195,260), (175,269), (142,231), (157,165), (200,77), (134,251), (184,97)
frame 92:(195,260), (175,269), (143,230), (159,164), (203,77), (135,250), (187,97)
frame 93:(196,260), (175,269), (144,229), (160,163), (205,76), (135,249), (189,96)
frame 94:(196,261), (175,269), (144,228), (162,162), (208,76), (136,248), (192,95)
frame 95:(196,261), (175,268), (145,226), (164,161), (211,76), (136,246), (194,95)
frame 96:(197,261), (175,268), (146,225), (165,160), (214,75), (137,245), (197,94)
frame 97:(197,262), (175,268), (147,224), (167,159), (217,75), (137,243), (200,94)
frame 98:(197,262), (176,268), (148,223), (169,158), (220,74), (138,241), (203,93)
frame 99:(198,262), (176,267), (149,221), (171,156), (224,74), (139,240), (205,92)
frame 100:(198,263), (176,267), (150,220), (173,155), (227,74), (140,238), (208,92)
frame 101:(198,263), (176,267), (152,218), (175,154), (230,74), (141,236), (211,91)
frame 102:(198,263), (176,267), (153,217), (178,153), (234,73), (143,234), (215,91)
frame 103:(198,263), (177,267), (154,215), (180,151), (238,73), (144,233), (218,90)
frame 104:(199,263), (177,267), (156,214), (183,150), (241,73), (146,231), (221,90)
frame 105:(199,263), (177,267), (158,212), (185,149), (245,72), (147,228), (225,89)
frame 106:(199,263), (177,266), (160,210), (188,148), (249,72), (149,227), (229,88)
frame 107:(199,262), (178,266), (162,209), (191,146), (253,72), (151,224), (232,88)
frame 108:(199,262), (178,265), (164,207), (195,145), (258,72), (153,222), (237,87)
frame 109:(199,262), (179,265), (166,205), (198,144), (262,71), (155,219), (241,87)
frame 110:(199,261), (179,263), (168,203), (202,142), (266,71), (157,216), (245,87)
frame 111:(200,260), (180,262), (171,201), (205,141), (272,71), (159,213), (250,86)
frame 112:(200,259), (181,260), (174,199), (209,139), (277,71), (162,211), (255,86)
frame 113:(201,258), (182,258), (177,196), (213,138), (282,71), (165,208), (260,85)
frame 114:(202,257), (184,256), (180,194), (218,137), (287,70), (168,205), (265,85)
frame 115:(204,256), (185,254), (184,192), (223,135), (292,70), (171,203), (270,84)
frame 116:(205,255), (187,252), (188,190), (227,134), (298,70), (175,200), (276,83)
frame 117:(207,254), (190,250), (192,188), (232,133), (303,69), (179,198), (281,83)
frame 118:(210,252), (192,247), (196,186), (237,132), (309,69), (183,196), (287,83)
frame 119:(212,251), (195,245), (200,184), (242,131), (314,69), (187,194), (292,82)
frame 120:(216,250), (199,244), (204,183), (246,130), (320,68), (191,192), (297,82)
frame 121:(219,249), (203,243), (209,182), (251,129), (325,68), (195,191), (302,81)
frame 122:(224,248), (207,242), (213,181), (256,129), (330,67), (200,191), (308,81)
frame 123:(229,248), (212,241), (218,181), (261,128), (335,67), (205,191), (313,80)
frame 124:(234,248), (218,241), (223,181), (266,128), (340,66), (210,191), (318,79)
frame 125:(240,248), (223,241), (228,181), (271,128), (345,66), (214,192), (322,79)
frame 126:(247,248), (230,241), (233,182), (276,128), (350,65), (220,193), (328,79)
frame 127:(254,249), (236,242), (238,183), (281,129), (355,65), (225,194), (333,79)
frame 128:(260,249), (243,244), (244,184), (285,129), (359,65), (230,196), (337,79)
frame 129:(268,250), (250,245), (249,186), (291,130), (364,64), (235,199), (342,79)
frame 130:(275,252), (258,247), (255,188), (296,131), (369,64), (241,201), (347,79)
frame 131:(283,253), (266,249), (261,190), (301,132), (373,64), (247,204), (352,79)
frame 132:(291,254), (274,251), (267,192), (307,133), (378,63), (253,207), (357,79)
frame 133:(300,256), (283,253), (273,195), (312,135), (382,63), (259,210), (361,80)
frame 134:(309,257), (292,255), (279,198), (317,137), (387,63), (265,211), (366,80)
frame 135:(317,259), (301,257), (286,201), (323,139), (391,63), (272,215), (371,80)
frame 136:(326,261), (309,260), (293,204), (329,141), (395,63), (279,219), (375,81)
frame 137:(335,263), (319,262), (300,208), (334,143), (399,63), (286,223), (379,82)
frame 138:(345,264), (328,264), (307,211), (340,145), (403,64), (294,227), (383,83)
frame 139:(354,266), (338,267), (315,214), (346,148), (407,64), (301,231), (388,83)
frame 140:(364,268), (348,269), (323,218), (352,150), (411,64), (309,235), (392,84)
frame 141:(374,270), (358,271), (331,222), (358,152), (415,64), (317,239), (396,85)
frame 142:(384,271), (369,273), (338,225), (364,154), (418,65), (325,244), (400,86)
frame 143:(395,273), (379,276), (347,229), (371,157), (422,65), (326,246), (404,87)
frame 144:(405,274), (390,277), (355,232), (377,159), (425,66), (326,246), (408,88)
frame 145:(416,275), (401,279), (364,235), (383,161), (428,66), (326,246), (412,89)
frame 146:(426,276), (412,281), (372,239), (389,164), (431,66), (326,246), (416,90)
frame 147:(437,277), (423,282), (381,241), (396,165), (434,67), (326,246), (419,91)
frame 148:(447,278), (434,283), (391,244), (402,167), (437,67), (326,246), (423,91)
frame 149:(458,278), (445,284), (400,246), (408,169), (439,68), (326,246), (426,92)
frame 150:(469,279), (456,285), (409,248), (415,170), (442,69), (326,246), (429,93)
frame 151:(479,279), (467,285), (418,250), (421,172), (444,69), (326,246), (432,94)
frame 152:(490,279), (478,286), (427,252), (427,173), (446,69), (326,246), (435,95)
frame 153:(500,278), (489,286), (437,253), (433,174), (448,70), (326,246), (438,96)
frame 154:(510,277), (499,285), (445,254), (440,175), (450,71), (326,246), (441,96)
frame 155:(520,276), (510,285), (454,255), (446,176), (452,71), (326,246), (444,97)
frame 156:(530,275), (520,284), (463,256), (451,177), (454,72), (326,246), (447,98)
frame 157:(540,274), (529,283), (471,256), (457,177), (455,72), (326,246), (449,98)
frame 158:(549,273), (538,282), (479,256), (463,177), (457,73), (327,245), (452,99)
frame 159:(557,272), (547,281), (487,256), (468,178), (459,73), (327,245), (455,99)
frame 160:(565,270), (555,279), (494,256), (472,177), (462,74), (327,245), (458,100)
frame 161:(571,269), (562,278), (501,256), (477,178), (464,75), (327,245), (460,100)
frame 162:(577,268), (568,278), (506,255), (481,178), (467,75), (327,245), (464,101)
frame 163:(582,268), (573,278), (511,255), (485,178), (470,75), (327,245), (467,101)
frame 164:(586,269), (576,278), (514,256), (489,178), (474,75), (327,245), (471,101)
frame 165:(589,270), (579,279), (517,256), (492,178), (478,76), (327,245), (475,101)
